# network structure 12 10 1 
 4967
 1.354727e+001
 -2.130296e+000
 -6.719857e+000
 9.079173e-001
 1.142268e+000
 -1.002616e+000
 -4.703358e+000
 8.267517e-002
 1.310849e+000
 5.342493e+000
 -1.535697e-001
 2.963578e+000
 9.182120e-001
 5.500316e+000
 5.949775e-001
 -3.539065e-001
 -4.797381e-001
 3.135585e+000
 -5.733417e-001
 -4.377719e+000
 -6.476395e-001
 -3.359881e-001
 -1.067839e+001
 -7.667112e-001
 -2.734037e-002
 3.260924e+000
 5.826420e+000
 4.387759e+000
 5.033297e-002
 -6.054416e-002
 2.108929e+000
 2.591855e+000
 -2.521442e+000
 1.170685e+000
 1.068493e+000
 -3.542946e+000
 -2.389653e+000
 1.432213e-001
 2.245252e+000
 -8.194390e+000
 6.263151e+000
 7.366910e-001
 1.410880e-001
 -3.922706e-001
 1.037294e+000
 -2.653789e+000
 -7.687721e-001
 8.985587e-002
 5.060060e+000
 -9.457648e-001
 2.657220e+000
 1.885766e+000
 5.311895e+000
 1.733494e-001
 -2.667468e-001
 -4.146506e-001
 1.176510e+000
 -5.352068e-001
 -2.071110e+000
 -5.291388e-001
 -2.359597e-001
 -8.939839e+000
 -6.694617e-001
 4.592927e-002
 3.698533e-001
 -4.027429e-001
 -3.202587e+000
 2.409443e-001
 -3.048682e-001
 -1.715459e+000
 -1.249642e-002
 5.781760e+000
 -7.518275e-001
 1.317647e-001
 -6.157609e+000
 6.328444e-001
 7.631103e-001
 -8.136532e+000
 1.565354e+000
 -5.163384e+000
 2.916269e-001
 5.120838e-001
 4.305824e+000
 1.746783e+000
 3.264616e-001
 -1.929696e-001
 -3.181682e-002
 -8.299727e+000
 2.201443e+000
 6.384833e-001
 7.472487e+000
 1.114407e+001
 -2.335609e+000
 -9.087652e-001
 8.804454e-002
 3.915980e+000
 -1.564846e+000
 -1.386688e+001
 -1.530254e-002
 -1.373015e-001
 -9.562077e+000
 -2.586324e-001
 -5.711524e-002
 1.090784e+001
 -5.001649e+000
 -5.563747e-001
 2.958491e-001
 4.476535e-001
 -1.880756e+000
 5.408582e-001
 2.958354e+000
 5.445638e-001
 2.619283e-001
 9.093468e+000
 7.414758e-001
 5.256730e-005
 -1.518399e+000
 -8.301269e+000
 5.713713e-001
 5.041376e-001
 4.756194e-001
 -6.494075e+000
 6.486725e-001
 8.145106e+000
 1.014416e+000
 4.589178e-001
 1.703539e+001
 7.433877e-001
 -4.140965e-002
 -6.606347e+000
 6.685655e+000
 4.042545e+000
 -3.784207e+000
 -2.979414e+000
 -3.469005e-002
 -3.788155e+000
 -8.808226e-002
 6.695685e-002
 -1.537492e-001
 -6.811981e+000
 -4.451579e-001
