# network structure 12 10 1 
 4970
 -3.090594e+000
 4.411291e-001
 3.354103e-001
 1.706805e-001
 7.790464e-001
 1.336474e+000
 -6.534372e-001
 7.347804e-001
 6.370348e+000
 1.646539e-001
 -5.281181e-001
 -1.588800e-001
 1.377144e+000
 2.786431e+000
 -9.646111e-001
 -3.721179e-001
 -2.708847e-003
 4.884688e-001
 -1.443898e+000
 -9.300408e-001
 -1.260824e+000
 -1.359623e+000
 -2.937882e-001
 1.240447e+000
 -1.969856e-001
 3.496759e-001
 8.609803e+000
 -8.986690e-001
 -2.227649e-001
 -3.287194e-001
 1.028429e+000
 -3.816344e-001
 -1.612543e+000
 4.737106e-001
 -1.780641e+001
 -3.259486e-001
 -8.848005e-001
 5.769092e-001
 1.124935e+000
 2.903700e+000
 7.283510e-001
 -1.042567e-001
 -2.019642e-001
 -1.462053e+000
 -2.916156e-001
 8.482457e-001
 -5.266096e-001
 -5.185702e+000
 -7.769575e-002
 -3.447771e-001
 -8.053008e-002
 -2.257965e-001
 4.714273e+000
 -1.929330e-001
 -3.185955e-001
 -1.396685e-001
 6.735193e-001
 -3.193119e-001
 -4.661517e+000
 -6.870308e-001
 -6.095637e+000
 -3.759394e-001
 -2.423947e-001
 -2.688582e-001
 3.172617e+000
 4.131802e+000
 1.204564e+000
 -5.287170e-002
 -2.948900e-001
 -1.309528e+000
 2.778890e-001
 -1.077900e+000
 2.305621e-001
 -8.408763e+000
 -1.067741e-001
 -1.150059e+000
 -2.611454e-002
 1.127410e+000
 4.984007e+000
 -4.846298e-001
 -3.865058e-001
 -1.106303e-001
 1.156638e+000
 -4.392058e-001
 -5.663488e+000
 -7.940550e-001
 -6.135349e+000
 -4.303056e-001
 -7.743053e-002
 -3.045985e-001
 3.717292e+000
 -2.335815e-001
 1.377326e+000
 2.695920e-001
 -2.346503e-002
 -1.944181e+000
 1.004737e+000
 -7.742149e-001
 1.673316e+000
 4.488039e+000
 -3.015205e-001
 5.560966e-001
 -5.093658e+000
 3.412992e-001
 -3.599922e+000
 -2.132132e-001
 1.716456e-001
 1.210205e-001
 6.154127e-001
 4.826094e-001
 2.542061e-001
 1.118456e+000
 2.759918e+000
 1.947550e-001
 -1.022419e-001
 2.265092e-001
 -8.381653e-001
 -1.026797e+001
 8.058772e-001
 5.827262e-001
 3.754263e-001
 -1.346488e+000
 8.549028e-001
 7.291669e-001
 1.342349e+001
 7.155305e+000
 1.077994e+000
 -1.147029e-001
 6.207953e-001
 -9.801037e+000
 4.987675e+000
 -1.006513e+000
 -1.323789e+000
 -2.775683e-001
 -3.492157e+000
 -5.437165e+000
 1.674476e+000
 3.799735e+000
 2.649193e-002
 -6.446085e+000
 2.360839e-001
