# network structure 6 5 1 
 1873
 -1.364184e+001
 2.582544e+000
 4.813062e-001
 2.728357e+001
 -1.145008e-001
 -9.410732e-002
 4.061177e+000
 7.632125e+000
 3.664539e+000
 -2.305942e-001
 -1.043991e+001
 8.909353e-002
 -1.638462e+000
 -6.094637e+000
 7.523036e+000
 3.905829e+000
 -2.104987e-001
 -1.035283e+001
 1.408189e-001
 -1.649815e+000
 -6.058100e+000
 1.346617e+001
 1.896151e+001
 1.838204e+000
 7.331366e+000
 -1.018128e+000
 4.978260e+000
 -9.157102e+000
 -7.690714e+000
 -3.535216e+000
 2.413101e-001
 1.048754e+001
 -6.169663e-002
 1.631398e+000
 6.111212e+000
 -2.182120e+002
 1.822003e-001
 6.769128e+002
 -2.364828e+002
 -2.222201e+002
 4.412102e+002
