# network structure 12 10 1 
 4998
 -3.946285e+000
 -2.359193e+000
 2.683512e-001
 9.371518e-001
 -4.253424e-001
 8.026832e+000
 3.063226e+000
 2.428721e-001
 -8.553369e-004
 -3.107685e-002
 8.972247e-002
 1.928725e-001
 -1.075931e+000
 -2.130986e+000
 2.774782e-001
 1.834423e-001
 2.098029e-001
 -8.609717e-001
 2.227224e+000
 3.215307e-001
 5.811497e+000
 -2.150039e-001
 5.143952e-001
 1.954552e-001
 -2.935414e-002
 -1.085098e+000
 5.358228e+000
 1.689361e+000
 -4.189699e-001
 -1.061382e+000
 1.143535e+000
 -9.871689e+000
 -5.050945e+000
 -1.546373e-001
 -4.703222e-001
 -6.481273e-002
 -2.476911e-002
 -2.900472e-001
 2.889456e+000
 1.110027e+000
 -5.026539e-001
 -5.908551e-002
 -1.040231e-001
 2.580591e-001
 -2.762827e+000
 1.239171e+000
 6.966424e-001
 -2.571581e+000
 -4.425502e-001
 -7.331112e-002
 1.307228e-002
 9.514166e-001
 2.305774e+000
 8.055543e-002
 -1.322736e-001
 -2.607344e-001
 7.865098e-001
 -4.227136e+000
 -1.162274e+000
 -5.441475e-001
 -5.524006e-001
 -1.867278e-001
 -6.687138e-002
 1.636132e-002
 1.288393e+000
 -2.415378e-001
 1.353023e+000
 -5.498144e-002
 -3.615900e-001
 1.750808e-001
 -3.765658e+000
 -1.115709e+000
 2.292015e-001
 8.365226e-001
 1.479946e-001
 -6.816337e-002
 -3.065294e-003
 -3.403191e-001
 7.776115e+000
 2.696518e+000
 2.744166e-001
 -1.290443e+000
 -2.771371e-001
 -7.624256e+000
 8.732471e-002
 1.195869e+000
 1.309908e+000
 4.084104e-001
 -2.726874e-001
 -8.623526e-001
 -2.631712e+000
 -5.333146e+000
 4.764362e-001
 3.031377e-001
 4.975781e-001
 -2.609002e+000
 1.150939e+001
 2.324876e+000
 1.172233e+000
 2.439030e+000
 5.303917e-001
 2.361799e-001
 -1.353134e-001
 -4.696985e+000
 -6.877328e+000
 1.181821e+000
 5.934306e-001
 6.786039e-001
 -3.084816e+000
 1.103206e+001
 8.345445e+000
 -6.514688e-003
 1.036057e+000
 2.474544e-001
 -1.318740e-001
 2.087406e-001
 -6.539926e+000
 -9.381470e-001
 -1.609005e+000
 -6.944736e-002
 2.098158e-001
 1.008006e+000
 -3.826916e-001
 -1.498084e+000
 1.079155e-001
 -1.903845e-001
 -1.101612e-001
 8.966291e-002
 6.621079e-002
 1.803077e+000
 4.363424e+000
 -3.057707e+000
 -7.480602e-001
 -2.132167e+000
 1.522135e+000
 -6.759453e+000
 2.249710e+000
 1.177861e+000
 -4.751348e-001
 -6.481884e-001
 3.344359e+000
