# network structure 12 10 1 
 4940
 4.597770e-002
 -5.028994e+000
 -7.648441e-001
 2.693556e+000
 -6.345948e-002
 -5.992049e-001
 -4.792197e+000
 1.061422e-001
 -3.145530e+000
 -9.209597e-001
 6.610269e-001
 -2.544343e+000
 -5.090714e-002
 -1.080961e+000
 2.484845e-001
 8.760525e-002
 4.388060e-002
 -3.023467e-001
 -9.618845e-002
 2.201850e-001
 9.484328e-001
 3.771029e+000
 1.964644e-002
 9.207825e-002
 -1.227655e-003
 -1.403717e+000
 1.429826e+000
 -3.667080e-001
 -4.543709e-002
 -4.555427e-002
 2.913086e-001
 -1.262264e+000
 -2.406867e+000
 -2.060563e+000
 -3.548946e-001
 4.982826e-002
 5.174231e-002
 2.774972e-002
 1.654031e+000
 -1.304154e+000
 3.429809e-001
 9.052869e-002
 7.891399e-002
 -1.602485e-001
 2.599806e+000
 4.421877e-001
 2.172888e+000
 -5.433670e-002
 8.516149e-002
 1.277776e-001
 -1.061070e-001
 -1.819003e+000
 1.874865e+001
 -1.503262e+000
 -8.855323e-001
 -7.295409e-001
 8.519457e+000
 -9.011119e+000
 -7.614535e+000
 -3.015306e+001
 -3.080815e+000
 -2.577364e-001
 2.729815e-001
 1.055672e-001
 5.783524e+000
 1.739593e+000
 4.574060e+000
 -8.327878e-001
 -1.493238e+000
 4.763138e-001
 1.232004e+000
 4.249511e+000
 -1.318834e+000
 8.906069e-001
 1.804267e-001
 3.861915e+000
 9.135159e-001
 -2.511565e+000
 3.993542e-001
 -9.644073e-003
 -4.337247e-002
 -3.626899e-002
 8.717253e-002
 -6.022383e-001
 -3.800143e-001
 -3.371281e-002
 -9.179716e-001
 3.140058e-001
 -2.570114e-002
 5.663475e-003
 6.074850e-001
 -1.420660e+000
 4.754679e-001
 4.818499e-002
 3.721192e-002
 -2.412306e-001
 1.339620e+000
 1.259267e+000
 2.657796e+000
 2.563307e-001
 4.232160e-001
 3.666218e-002
 -6.778685e-002
 -1.645118e+000
 -8.234157e+000
 1.109165e+000
 -2.606149e-001
 4.246085e-001
 -9.642971e-001
 2.704405e-001
 1.547346e-001
 1.292688e+001
 -1.525862e+000
 -4.863311e+000
 2.049388e+000
 -6.394061e-001
 3.613033e+000
 1.051989e+001
 -1.550198e+000
 -3.206789e-001
 -2.688837e-001
 1.925186e+000
 -3.404096e+000
 -4.608713e+000
 -1.036834e+001
 -6.558468e-001
 -5.549140e+000
 1.209836e-001
 -9.961150e-002
 6.641420e+000
 3.323373e+000
 -1.231086e-002
 -3.090468e+000
 5.403103e+000
 -4.721614e+000
 -1.328819e-001
 -4.058011e-002
 -1.149667e+001
 8.821406e+000
 2.278568e-001
 -4.711793e-001
